$ANSIBLE_VAULT;1.1;AES256
36636263626634623631623533336362333839636161353432376262393866633965323566643432
6635373034616566333433303236626465666439363833330a356363326366623238323265633639
30633432613432313235666632666637343361396331326332323565633861333538636435366665
3739356137376133640a636365393663626633653964393533663531626364633066393934623839
33646562333263396531393466393064393937316338323963373330323439373037643330353961
37346533323631363964643264363463636230366531653464366537366333613439386238373838
65303764663062363562303765353937343238663332666332386537656137356537613663613866
33616662613565616635326139353731613935656161636661363633626530353363666265643836
37323365656534663061336137643661643231373333363931656462336537303165303962613933
65363063616561326665373466653464663230646536363334663065636433633338653964363239
61626534636633656364363462666363303330323238386530346136633931326564326434623833
32646235666631643530383761366639663530373362636664613864343432626162613664373535
38656565616434326435363733656636626466336532623436356263373937366665333062373664
62343438633463316665386630363839303133383462393665643261333637323533643463663165
326136613139323339643632373638616163
