$ANSIBLE_VAULT;1.1;AES256
32633730613235356466633435633065393833346234646661656264643835363036386636623931
3938666265323063353533336266303162373066386432330a383933383339656335646661626163
31643836353737303733663462646438663039383661363036383161636236393762643334306435
3536626237323037650a623337613835653935383062336163393463306330613965613232663234
32353666313863643665646230636633306161623261323134363337663933666563346234616664
30633861323863326436643537643736616338336263373931643566383037386632326464666233
34616230613366663539636137623161316133333863333831343739613936353131386136623537
61386462303632643063346663306264396637323535373965306337646232653662323364323330
35656133326165383039646630313035306135666163343264626364613662363739623236376239
38346264376564323366646538393438643962643134393333613266366435313230336164373330
39646233643262346532636533326461643762316366663438656133323563313239323438376431
62303430653332376530383962643766393763653266363036376534366434633662366231376530
65653931323630393962343933343639623065666365633338633130343830363234343264306633
63343765346238363834343235303932336636323031343764373835363737623364393737663534
32303431393963386330373765613531333832666661373031323635623133616633323836373762
38663134316139306137613236346230333963376166333263613235363464626161366230363337
64653834333632303731643036646235316639653064376531363330313336623561666232336665
38316635633432313565613135643933333230366635383730363837396163616632623735343035
39396366356161386465666530343465343435616334613933306163376338626133326233323835
65393561656433613765383230373865363738383138313034313539663539393034373863643439
64343164326332346162336334656665343862343738376261333863636431333139646532633432
37646531366337303531643532353061366164613635346162376432396161373761333532646639
62316333613235343966383931326538326239323561373263313533306661393065396563633832
31373333626330386635
