$ANSIBLE_VAULT;1.1;AES256
36376530383432623966356364396330323264333330666235336131343539646563343237353330
3038643539343164393935376362353765396464663535380a346232303034623132316263303038
39356537376539336164326639323064633632363833373366383063633865393034636136613166
3664643539316234660a326232316437623135616531663062653362643532633934623635323035
64313464613231373139393564643337316437353463656130633438613838663035653138373830
65323236373839613035316134343261356139303061323961656462316136323832306131646563
32363962343763396634373763383338393233616162353636663764353935376461623135633063
37393262383037373866323163353965323037663231396630326366666138346664356437396330
66383232633435323962316439323736643138336437666438666666326666666131656163613037
61333936376363326333326237656463323465363537343761306630303934383666326434326364
32336666336462306463323431313837353635333431633837643964383362653233303635333438
63396532326132633661303139633836626237623237383038663965383937383231383666353938
63663062393564333032366532343835393737353966323838356461356530336335616639366233
36633766376234623934323066633831363763366262303564353066633933396232656163373363
34303634666331623934393563626462383932616538316536316537613639643066303339666134
39633665633034343830666432613830366633393834363062343639666438653835376536343766
65343739396533663138363632336630646231646632303636613830366632326138636339353635
37636139623565623439636466363166393566646233353063613161326563633366393731646630
64623532633063303465366534393731613234363836336436373635353233656664306631303739
36383461653630663835306363306131326133313835663966333237633732393966646364393762
39666164356132613230633964663965626430363133383062666234383430326562393064373538
31643065323865323337376138643864383333626463656434636461626632373037643136353763
33613331353035616431663931356635663334343135643966303733633633366535333435323438
66633536333434643631363065643335363365623338663235333834356132663533303632663730
30363335323563343163363864643562323935616662386531613437383661363663643335633038
64376430366139333332323566653866336264333963386334643061346636353937316662663330
62383266663831613439353235393964626534343837343531383136633733313335633864376163
62383836633332653438633230313337373233633237313738366563643662663361343238376339
30316364356334313037363564336362323733363264376636333535656362613836626564323937
39303066396663643537623339336338313738373565636339323236343630643639643763646332
30613561393465303666636531333337383339646138306161366463343865393463336364653439
37323865643862313535303266353238666234643564313966383637613562323464373864623134
65613330316135613835646337336563353738646564656531373237333733363363663063353964
30623631666531636135356237653234333432313439396639363530653965343066333836323137
63383938326134623363373863663236326334643066306537363331363939613761306331646136
38643230356363663735323631613531666361396236616563313832663737386335636436356231
64336439376231313130633732366637363766396462626236633839303735396139663238613936
66386665653465356232303761656132396234623337636462393632313263663636636138646365
36306138383365323464633366643831656662643633313936663032363932306230663265376666
37613638303238643539333638613835663831316631633237653363363632356138613035623366
62303532336566633665346234393232313532363835383337326230613033326336383266613732
61306638353537636437653434333039336339323366633664363336633762366339636237383332
616465373566316163653262383766393133
