$ANSIBLE_VAULT;1.1;AES256
65363634613164633532623433303536303765323031393066313234396432353534653365376163
3764333632616534363135653063636133663734326235620a316637353766653562336136306535
39663763373537373231356636336163626634643631333832353237643962663562656463613036
3430336537333635350a396162633734306466633164386337663734666262646131336561353938
33313837353165323730303330383435323138653062306365303862366230383437323265653862
63653534636435636462636266643363613937646661316163633039386161303131343434393535
35376365313031306638363938626366616339303438393532613536363933353463393935656337
61383632653766646334653235343764353136376639363963306166373763623065326333636131
35336461393231626638326234363433626633383063363735653233326532636333623530613166
39336263346532623933346264653631646330373930383835393631373537356535643532313834
35623738633531616632323362363435353730306533323534623636656530383231623061353263
36393866376330636130323164373237623763623938383234656163636662376633666266303234
63383136653762323133653230373132663836363735363436653761636239633938333536383464
62633764386361316130363335343132643633663137313032323162393138643739626264396136
30316139353730396461636130333964313037363865376633663330323431393137316464383830
39316535353931616234343333643430646435333035656136333062376330643766393564613165
65633063386665396333323764383834373139653035373038386536353836633435613738323861
37666238356133313332623632643365353636636463663363323038316639356465386537386431
65333162613063323039303934353630366431636464336463616265303638366530663030663130
61333961643066353639626233383061303062333031336332396463333432313332663630303365
33306563346538356138316632626464366634303563336464306233653762666165386163613035
38363339323034333664323535303061363665613839333735383462313733656164323831313035
65633263643766663565643535333834396531373632316236333361356132333535666138333466
65633939626335623937326665306533376336636161373336636639373162383465346461336638
64393733373961646137373333396633383236366531333030613561613364383933383039636434
39626163376530613735383534613638366339626337626564323932353566616637346563343634
64363534663732616234373534366166383831373762613439363766353637653237393937383034
64386232623766383132646364646231663235616631653135623931383363666662363636396165
61623438613834363966663432653364303161313735653665356139616363646264373534626436
61653538303961313435346437646435663439393833366139336337343264336362663430313265
62363562393963326263376662363461333837346130346263663662646239376437316331313361
65646166613162333433623663396461326438346463363361663531613161346639653634333565
61623935613539306331616436633936386136636133653832663032643961363563653530623436
65333965346433373735343738323034393666353064353262636231303139336666646366393763
66373430356237323065323261326430353561623464666635353662393438396532636162363563
66613639326163376439633735656566646136613962386538393462313563666264616361366534
30386635633161663465343839353530393930626562646463623363643866353535346332643865
39386439663737313632636139313633656463376133306333306162643536343765326132353835
35613330663461333564346132636330626266323839306530613036396265336363616130383132
36653430353832366139616662363038366138656534353766353837323638363962626661333631
32366435373966656464623461333064363065613333373338313261376461663533663063356336
32663961383533646363343165646635613165613131663962663238646132356436623363333664
66613865383135666163643962383737323865366663663833346366386261623062306631323430
37363661326362653263656530303231643663306234346130366330396235613831383333373830
30663935363935643132346133323464366130636663356365383263663330663161366334636336
63316438643163376135333631376462383536353439666433303263376235373964626666636465
32316564376138366635383836356163313730666664303833373465386265646236626235316636
64383735316133356365383735636331656538373135323462326231396338326333393332653432
34306636663837323230616161366230313662393235333833643530666439323863346330316661
66363139623731376561316363336331643065313939623832316335366632616536313338383831
33386331646433636265656663326632323636623733313864663435306164613239666566363266
34653232316538663964363537336434343035333837346664343761613065323966643730383963
30393665373837653330656233663066656633366563393432656261613466396532376439303265
65346233666636623930373032653666386638373063656463306562393165386663303065626365
36303432376431396335346638666362633063373836653232663161366366633138623630323237
64343534326262353037383862346564353430386365656666363939643362396238356237363462
62616138623938386162646134306135393930336633646431323137343432306464643937656361
66383332326263376531626638333938393935646630646564376135353331656239383536656464
33376339316435333864336137333430313861616664353362316166346566373035366366326634
33323634636434653161303734643764663138336165343637656432666432616663333837616636
37653661373262323266646237646438356337633563623730326437313137303165313361336436
33303731653562383866616233613434343431326664353561363038613034383762383565663866
63383263666266363532383862393931643463333134353839316635333265653136373337313964
38353037356239623639616536656262616239363565363434373737633637663738333635366561
32316461633366346265346265353833366439623839343235363237643037316166356630633836
31333065353233656539363137363035356466396133373161376361656661613561666632336639
39653537356364393664633764336534373962336136643237623834303037666263363930303935
34623336353033633062633938316665623464306231396366306534353835313865613935373431
62393335323537356538323861303037323837366431653362626336303862343662323161306630
36333331633062656330303239646135653763383830656632343164643163336663363064656137
35303636336566666263336331323035313030653033303865333735616261306661353066396130
35663737633661643761343265633130346134376534366231653135373132623762323464333731
33666164333830633633613661393739346363386531343939343638383239333530343631333462
30636431613462626434376130383439643935623930376662623034613566613061346663383062
32656631393764396564623865333431373432643865343037383564653064366566653763353463
37313534333832336532356165366437643033363730663230363834616137316561373765353530
39303766363566336666613531636638316337313932376230646430306361656261343732366432
66346435636436326161383037356137316565316131333736623630376330356137326436353833
64353564313465326536626164656131333939636134363930616235373336653662323431306437
32373837386436643333393232373163353864393931623263393964363036303666656634396265
39366463313238343739323138613536323037336333323238623161616535383961646363613732
34656564393265656265333662363966643734326438623434643364363762333463313133396335
66396430383064643734383332346632303838363839376334386462643561643235643430373937
61343838343364366161393633346139353433623463373535396664363037626232313462653630
38613031313032663839363532343938626334326634386663396664343461666135616639393561
63653038653438393462333761633137643834373761326334663931353564646365396461636662
66353761623063373835383666323264363166626539613363353730633765313165633231333534
63346337316461306561366534316339366238366536396364663036336263386162396561356662
61343464623736326365623363356135656464653362616437313363333538636362313636343139
66646366373666393238656435396364396135303438323161636164396365313038353539616331
64616430303663303436663965663234616632356363613465323930663033363563383638373431
62616437326266376363343136393238393739363065636637363762316435626239653332643331
65343864336138656565666236363030323234353666633734393064366635373531323762363533
34323139653764353332653061616438373664643332373738383739303331316664646630363233
61323062633765343833373133353065383532373964346264643930383434353231666664656336
35633134383762663063663432393236633238663765366132343536633930326264366164663465
36326534636335373134663539303733356566656530656161663263623435663830363666346537
63656538336537386334376534363533353335353164653362656463313632396238366435376436
36363861386465336238303539663062383136366636323862303031666230653364633462313265
62363939383336366339346565326461646137333431373561666638616337306165666637646437
62633665616632396437653930633762383365323832323839663766383462626537616532353630
61316563616366646566613339386130353262306433353834306465623935323831653138343437
64663536623030666334623030373463306334396132323636333633366339643434656438643934
38386631666130396364646433656231396132363132656432306562356661323531353139663861
61353730626262633631656233633330636164376365636565393762373866336639646530393634
64383965643265393635393031376136333663326638336361303465653237373739643538303939
61323934346630373438643961393562663862653464626136353533366531386237396430303138
34656266663664373433643463363739653064316363636361333230326639623132663732653661
34306132623666343139306130323333336434633132373830386631316364316337646630633032
35393636333763336336316533656265376234336161386666636162313839396631343836346334
39386139636137356431366533636365326134363030633130376233376166356330613138326163
38333534666635376536623239353263613063363766386632386432386439363663393937663134
66336664313063643834363166386532656530653132613130356433316130396130663731323039
31386331303838373832303264303433653266613765306661613935343562333536383036383539
31316636306232613835393663306466356338383161623662666637663366613536623733326464
30353239373864363635333635343533323932623333383464306337393535663533663162316161
61323632316637316561326566303866333362336265383466316230326161333066343361373231
34653033353939346564343736613138393237303333343134653835316466373935646633363534
32363339353738313134613732346537333437663830383434663835353465326335363463633065
65393432373132323632323361643138343831643131343431613832663439653034396466393361
31653762626634323133353739353465353433623033656466393661633762653334393937626330
65313731373232666336303939366163626666363865383732326137393863313132373061373564
33316535646262643532633230333466656135663438616137626232656339623366313262313937
30393335323361646232363533306230396563313761643633366535636165623263393162373464
30663638663866326334393538626535393166363038303665333433623533666630393061653838
34386631323538323232613330646162623462643063373639313134636534616436633962666537
64636338323734383365353262636233396166396563653061353730636365656636653030333363
62316666356261633133376163393064323738653233353938353032346339616634376663663532
35393666363234346538363164336264366630326233303639336562623638333537323832613934
37623033356231353837373835653361616663343466653836323661616234336165633963383339
66386538386166653333666164306137663733616636333065303732363939363366376436323732
62356631393766343337363430323035633962343565393437663538343639366532313661613761
66633132633636626365366261653737613164616639373564666665366362303237386163303532
36626634353661323931346234393630663963353330633937383164346438636230373232326537
36383061313338633137313830616538346461613465376362356433393263396239663832383061
63616334343633303133653162323062333963393038666235326335643939396663326164323864
38376262303333646433666634656132323535393835623563303935623131656534366630663663
39303337323661383262616163343432343033623837343736396439633036643462636166396161
62633339633436343265356632313465346436303533633532313065323166636135386264316438
34303162373465383364663663326231323862363762623033336562323136323234613230323766
37336636653931653561376536383637616633663164653431656161363836333866303438353532
61393165616165623663613730613338396635663233376235333234346635633863333035663161
32646164353333366166313764333239626632303137303661366662636633663666636336653534
61383537386562356334653530313366373233396431386236343462663761653731346664353830
39313333616661366331343930663630663834616431363765663966373633393966633738306134
32373031666637616334393561643463653635633237353365326265623962653538313434376336
31633962303234336463616430616262326432656261633761363666663736316334323934396634
64366635313561343462626638623566646533626136633463626334303063333535326461343733
36353861373464633064613038336466393035646636353165366566356433663465393637656339
64303463663466303632613034306330353063356165313130313164653566323035346333393262
38363862623135356237316463306536383336653962393365373530373464376330366439303539
61366266303561323235313361306565616431306361373163363063626136653434336565643934
30326662393938333766653261393831376132663163646538353836666632343261343435653237
64323136393630303736323265663466313263653764343034373462633239393530666639626136
62663233376430376234613330306361636539353330643334373638316132653564303263373439
63313961353632343535313535313333323231653731376531663864373532336565323861353261
38333161623466643538383666343464303664303464323638303966343735396463636232633161
62396332393839376236613464646366373964393863386465396638616637646438326231316661
65653262643836633165333361626335353761313163353433386561303066383464633263623865
66653966363533323762353432653334306237663332366261366137396366643065393135353635
61346538663265666464383862333836323836346332376563653463313530396334363166303365
63363034323963393239313134613733393032313838383366373539333532646633303761386532
37333061356663393735383031326462623461383465326230303233313663623464363531323130
31333335353262323861626538646330396564326563653333333331346333396437653137646337
37316432376637316234393032383866353266386532363737663561366131663833616636623736
34616333346663346635346361646665373866316630353061316438663633393663623364626434
38626563626464333831353632376161363264633236373139303538323563303638663063663166
38636662343366613732633261373161353835633864313663653464333162623932346236653033
35633730323038356661306235656665343936663039666533343339356166643831353139393936
30353564373534653530646266646664303563303037393132396230353437653464343366313836
34306639376265613130346631376565346263303738643736653261333939336535333636353865
36353139323931616232396631333733653761373064383866346463616335363536363562646537
33336165376632353339386134333038613736306535313234363539643132326663643133633830
64336533363132666238353762613966313235616139343964383731306632333262323935316563
61333738373230366134376166663639646562343832356461313365633565643962333762623433
63356263663261343932623961333539346437336132373164613262313636383633643031333965
31383364353935613838346564353032333430303930393735383462623464643262346430366662
36633430393634333731626434643862313133313531326439353631623361303363636361396630
38386262313333646466653765643837393064396633333939623663633039616664323662326563
39333466303539363961363138333635633032396263383937333965383737376635633539633530
63636262346335666330343936383632653737333937653766623936353338623262346437646337
30363332353331653738666130366165363332303966363632313664313234323962643833616639
37363233343730633438376431373765646461646636376534326264663531633264333661303739
39316164303362346535306464316436306664353361653432396165386532383833373366626166
65366164303130303234326332373737323063653033376231623965613564333938386333613832
62623864356637333339666565393730373434666332623461326533393462383337353238313236
37633764663561313461323331623135653836613465336639303431373361653136373366623966
61336338636335643235643133666363613166643035376337336662353964323137386335643231
37393831303464636435633861633032343163623737626238343136666165336632633665393130
30303232653731613436366638663034326638636566306666656532313764643031633633646333
31653034376130323464396535383630333439663337643235616630613630383436323962363034
37313933626465666362366638346635656663393339366366613366323163323533383663376262
36386362666564623734396631383434393039333534646439666364666363643836333139656463
34643033626466663838383265306434623237616635333938616630333638306666383431316336
31623937343638616162393165386430613339663439663261356130333865306362386263613533
63316631343763363732303866623861343639323439383533646430643531373439356364356266
62613539663463623765656461346465373333363837663237363732383531303431633765303936
61656434386163633930336136343137633830333830393434623163613563373265366461616230
37373231306233353966343966376134376637653563393434663064376331306236376231653061
62376534663837616335376537613461616334666237313135316263656264326664363965383936
31613462393132356530373238656439373136323539383131643936393738613830366162343732
33363036326664376633306336373731346534313230636566613936363031663331643733373933
62353338643736333965383435646362363939316131373066316632643637653531653634613339
32653534643037666566313330383538613237393365376464343330643430383936613033396335
31616138373766666437656565653764393366323765663935653630323262313230336233323430
36333532333737373033663263633432366239633564613031376234356166383738303461313665
36653064333062383730633533393862323863636436386231303266346566323561633434653664
66346563613563646631343362636331343634336330393535326263313935366532353463373134
61643231326235303639373937343062386431353832383162343336353264623330336366316333
33346537383130316235653166666238656636323163353639656565623539656165313161313565
32323661346637356233333634393539336238303061336138636134303337613265336662356165
36343438336666636132323262636435343630393638326539306430313565653939343231633665
31346631376138336534313735366363613066383861636438613133356533323963326364326134
31656131326533333766393930343964623265633934653833373261353765333866613339363966
36316630653837306666663664333032633866633661323034616639636366633766383238303432
35653338613131656132343363653532376365366433663964323165666130633437313235323333
66623339613966373235393230626461363832393864393234626532623133373932343132643233
37386466363333336465383333316264313563393266353931623038306234636165313434323038
35643435653736613733353162636632353439663533366364623535666634323263333030633634
64393864633430353961383630326432646238666535343362396165313438313234336461333332
34316136303966653235393964613533343564373930323661333034333463333930323937343266
64356663653639353438613366326238656337336338653062383364663965346461323830313632
37323136363434323633633136383665653339396365356264633336313132363466616433306637
36646333636431386663313161666439373630656434396131663237623738373962336137636435
65386633343530663864653462393835636461313836393534386633653436666163663134353565
30386364366166313636333836353564326364633666623033636139613335303530636338326630
65626266396236366132383662393537663836626364623162306530336661646533386238313339
65616533653561316665386536323336633034396531396633376335663934633061313039336437
36393036376263396161393565356337313364653136386365333762626264313033376330313465
66626464333038363231323665303064343839313466666464666336333331633963393133376433
35393636666637303764333539313130366131613162333132616235333339353436623265313030
30616163356438616639613737616364616434356463326638386133636635646236383138386162
31343161373833616161623134393731653239353566306464336430323361313238646634316538
36633063333730346337646331376133393432656561346131303062393238646434623930346335
31323434323835376363303365343331356339373361643239373533343931663433346530343137
65353734336636373631383930333137383035383164313562306266343433636362336538626131
31656461666165313262633837303164306136356165623361393066373934353233613736343736
33323234653764373430633430363363626632313138353231393734333361633637333636626431
36373162313736613033303331356235353664353136353031303363346563623864663136626231
30313930353166393637353661666235626633666462663334343130646361323164653136636465
39656236613730643232393261373537643065353866353133303065353164376535356538366333
64366564343862653531356632326461396435626465646238366331316665343635623533373961
66373831643361313266613238393430616235613536633463636236613764356433643233303133
38323934623133383165643262616330356162353263653637633337656661393663356561376437
34373634666139353131356364316636396562333933333037623231663433343131373237343962
33303932376439363737336365653433363861313635653835313137623563653034363238613663
62336531366264663436623232613061313838663632633236316662636166373365306535356633
38373137623565353764333831393537303837333761363166356430303435376161383363383165
33343733313336376233613734636230346335666134346237613162633266353061633462633336
62616238393365303135316530353162613462396133326539656132633137643030653566643536
39323961303838323932653039646433383464313838626533373837636134633138646639323566
34333961373464306539663530643833316135613130666535393536366636653331333135346262
64373939383264373936323236373661343463663531613139653261303233613935356538653265
33346635633133653861636439343130313464613665343762623838313333626664323966656463
65663065356535326539656636383131323137396239363635653362623338346534393538376432
36626238373537323863313432653836343963356630653562666539623165373936386436343238
30303635656163383762613664633632626562313062633963666665653132363363326666623561
63623762633764613364646532643338343761363939383561626563343466386332353537323361
34393961613363326262303139663430396261326334306365623236653062343339336533386536
30633536663933316463313832633730636130626131386538616534643861373630393639326436
32393139326134653763613963386332396534633264353062336131363130373134363738633363
30306537323532396638613237623639383162623736626533393139646635376637636438356165
30643239343064323937326437316135346534393437666630613639353435646566313164353636
35663066613439303662653336386664376561616230376437643663633839353061336633383736
32633337626465633831643466346332626566346530623730303030613266386538653235623536
37633538616635356235636264623533363732376465653635663066363664316664383530363533
66363661323930333564383638396130356130326566656366633431353935323436653336313466
39333264373935323761646237353839316333333564343635343362623462323233343564313136
32386436363262366533336438653430663365386262313834356632306331656464373363633732
36633735666563666562356630363430346530353133373264373935363963633564643761313035
63383234653031366463653337633631663164646365323034313036373931373735316365356238
34356639303033633235363030636463313765386339613930656561386336656331633639333632
37643237346566306235613165376237663938653435613864653064643735383563393136626363
37303566363065393137336365336166393238333735643835623237353563353962346232656330
39353163346636376161313838643962326134643831393835376564396435363364323030663338
35663533326537663035643636353733386231376333363836616163336262383337653731663438
34656335636163633963396639636131336135646164646663373635353961313065346130326138
34393536323432346164643530323464653465653464393032633432353839303830623365303161
62376132343565646665386639343036626330346236333031373934323763666434356330373763
35353862353861333033616633363435393937663461393434326633313831313564313730363834
39653933616564643364393238306536333762643262376361333138336562653231343932323130
66353730623665313733336338326332623631383332383362346237623465353239376133363334
34653963636633386437633133643437323562343663353939306431346233323662393735336532
38373835366163383666316331666632386363383161613431613538646363313130313632653731
36353338636164653937623235313439346432323338366464663935323361643332363163313534
31663361633330643161326334316531346230383231393335396130363737336435616336663039
35326561343530643061633630366566373938393932386665363630346262353330306565356639
61643635613335363131363462623138323133363366396434666264323135353331353461306164
64303536333561316133663836356135643031386165306161343430323364623761646464643166
66306163323132326562646138653432383233303537373839303335313337373933356239623930
38663065346461643139623461313836616163643863663531346562353835613065376534363735
63373636393039643236373465373765373439386438623533663530333366633534393437313137
36316538306164613561663835613264303735633564366137356630363666343334383664343830
32353231386336613463623763623038373230306235333232323065376235376662396431326436
36633933646439396365633563666562376661363133636635626136393836666138383337316265
34366236303765656531363366316663636639323236393662643363373438353330326632636539
65643534646239326364653964353866636638376564303863363530383161633966303431336465
37333232316531653833663161313662653037623164613063333836333761616337363331323863
65333432343262633937356333313033643935346362376535313133613464663332366634333566
31376432303639376661623731313265643263396133383664313731393230666162376631633432
62663137376139643039353363376630353632353163373764303137663362616431373335393931
34626465663438353038336134326538323264376435363831366534303930333665326539353938
39616265386531363064366632306135306333303337653230613566396566653662666461323339
65356165613737383038383165363065623131626634333739316430656561346661353231306265
34336162393733383233336665353964313265363564346338653436396566646136616661393939
34643661333635626664616330613932663965343732393435323538326437373731346335666135
63396339353431363231653263633439303438336131373431653536613332663466623564616264
34323762653361323839653036306266303562616235316135346437633063303462323865663939
35376230663937656563376561376663623937366530643861613435306162623636393463363434
35346333313739383436383834353535656432663730343635663564643336393635363331323237
35623730373764376162666137633033643232303962366264663135663162666564656162623463
35323537393762343364323431666463613937656338306266653032373136653336356530333737
35383161393630366466643334653564316539626362363262656161653432396264363964633437
36356434633438613332366461363532333266383263633963636364363039306366336132393064
65306430313165333766383765363435393636623833643365363030636361313766336437633738
33376535353066616535336336333634643537303836363234646537383136613764643565373639
31616139356431613337303532376332386336643933613531666166653762356238663964653337
33633665353030623766353933366538643035623334323834386362306236656533386239636334
32326465643037373431316561613539333239663563613631653064316666323866323632363638
33323936333132343534373238313463616664303630323634373538343731373663636233666336
30616633346261383633666262626564366162386232343262633332303331393731623564663163
63353535323331663831666662626434656436333239316361663562336139643363323261303238
37376138373664633761396639663037626631343136396631353365396134353633663662626336
63623936616637316666
