$ANSIBLE_VAULT;1.1;AES256
32633534346634333231383063336635373462663061313335353762626333383237333132663834
3832316532336366303961653534353739623362346437660a343233313138656266363637386237
39626638613562303435366662373336633233373137623063623064326663653161616632366464
6630396536303130360a366561613863306333383331353936623731313061633431366437633631
65393035666635366337353263313437333433623462323035386637313431336236396363356337
31653066333939396539396563366438633231306337393661393838383937373733396165366534
36616432643565323637353730323536366438653733633233623064616163336632663436306530
66666134386230626534393133343662643436363334313930316537643034393963323131633637
31663132616636663430356235363662333233353531326439366562313935626536343531653038
66643933343432653634323535396430613933343762373766623466623139663339313765663662
30643435326561393463396262633565303533633865626338653062643761663231373533616565
31653563343766376435666531633436346666656638366134353038633932396138346161356132
36383333376538353132366466623832313833633738613933326164396531323530396566653261
36616330386137386561383531343231373839326633643930636134316665393930396665333365
31346563636630323038373232636637313462353736383466353137643037656362396236623131
66396439383066313935
